0 0.113947793841362 0.9455782175064087 5160.40253201714 194
0 0.03932556137442589 0.9534109830856323 6106.094554265015 198
1 0.013012409210205078 0.9680284857749939 5030.914539529093 189
1 0.08856771886348724 0.9625849723815918 5613.881809412237 194
1 0.17018601298332214 0.905626118183136 3488.22437668846 185
1 0.1636207401752472 0.8918033242225647 5270.333759458972 200
0 0.048695046454668045 0.9965869784355164 6062.327952484426 200
0 0.07809861749410629 0.9553718566894531 4999.409487354899 202
0 0.1434260606765747 0.9830794930458069 4659.484924148654 193
0 0.17932163178920746 0.9722221493721008 3242.389638832623 167
1 0.06311449408531189 0.9908759593963623 4877.444920214031 180
0 0.1378631442785263 0.9525483250617981 4294.382013329215 191
0 0.055192671716213226 0.9855072498321533 5827.403154300283 184
1 0.006445980165153742 0.9397590160369873 5752.073854429716 193
1 0.027897747233510017 0.9723661541938782 5389.186250435776 194
1 0.17255908250808716 0.9822006225585938 4925.95604698242 206
1 0.006572091020643711 0.9384615421295166 6580.959099005415 198
1 0.1368122547864914 0.9304635524749756 4072.064613992243 202
1 0.11264592409133911 0.996268630027771 5821.493980125634 180
0 0.10322529077529907 0.9536082148551941 5537.2902134183105 195
1 0.018413230776786804 0.8256410360336304 4626.876250343407 198
1 0.06645379960536957 0.9785714149475098 5355.384390825981 187
0 0.12126698344945908 0.9879932403564453 8020.114755146454 195
0 0.0505109466612339 0.9775475263595581 6527.552293602384 195
1 0.09467645734548569 0.9551723599433899 7597.54632281264 192
1 0.026432985439896584 0.9611307978630066 5310.495108086503 190
0 0.12201397866010666 0.9672978520393372 4516.10827957606 193
1 0.03505537286400795 0.9283276796340942 6135.314296266378 196
1 0.10043194144964218 0.9757785797119141 5863.268677668185 193
0 0.12610290944576263 0.9916805624961853 6265.2163287932 203
1 0.0710228830575943 0.90183025598526 6312.574916731599 196
0 0.05160774663090706 0.9480968117713928 6278.917231385699 195
1 0.07956476509571075 0.9325336813926697 6074.577679068791 225
1 0.034030888229608536 0.9320389032363892 6234.843065688585 203
0 0.13534115254878998 0.9087894558906555 4939.444609348399 202
1 0.09559009969234467 0.9171973466873169 3343.302070172446 214
1 0.1794479340314865 0.9454545974731445 4615.668340760708 206
0 0.06776247173547745 0.9693877100944519 5759.5376331129355 197
0 0.10789117962121964 0.9563699960708618 4894.499677392077 192
0 0.06498482823371887 0.9497488141059875 6810.833109049025 198
0 0.16185154020786285 0.9623567461967468 5095.234344766513 205
1 0.011683820746839046 0.9505961537361145 5786.088862411098 195
1 0.025912482291460037 0.9551724791526794 5788.888888448821 195
0 0.02152521349489689 0.9632866382598877 7421.838615911269 192
1 0.05240153148770332 0.8488964438438416 3707.657209700416 196
1 0.022410620003938675 0.8901829719543457 5199.560524142016 197
1 0.06748997420072556 0.9625849723815918 6253.063625079057 197
1 0.1129317507147789 0.9766276478767395 5481.378570837974 202
0 0.14890001714229584 0.979345977306366 4984.686644914119 193
1 0.1655902862548828 0.9190556406974792 3361.705201195526 199
1 0.15285860002040863 0.8998302221298218 4948.455973403697 198
1 0.10144338011741638 0.9652013182640076 4473.368892206328 183
1 0.0070126596838235855 0.9474576115608215 5358.203047311439 199
1 0.0843067541718483 0.9220104217529297 5411.725888452757 192
1 0.15610192716121674 0.9576988220214844 4361.755840513728 200
1 0.05560285225510597 0.9881154298782349 5824.973967498568 198
1 0.13815000653266907 0.969849169254303 5500.9759621244975 201
0 0.04666023328900337 0.9843205809593201 5276.4111235194805 190
0 0.09007403254508972 0.9965035319328308 6451.845712443204 194
1 0.16986678540706635 0.9669421315193176 4520.052542006337 204
0 0.15502230823040009 0.9388560056686401 3412.1104899155243 161
1 0.05157601088285446 0.8877722024917603 5292.162131863449 198
0 0.0067663067020475864 0.9733096957206726 5342.603712579531 190
1 0.11448021978139877 0.9190647006034851 5195.884981014923 185
0 0.15624500811100006 0.960616409778595 4772.568173884286 196
0 0.06590984761714935 0.9736843109130859 6516.0636953223975 191
1 0.13864731788635254 0.9573379158973694 5602.307010560705 194
1 0.08180811256170273 0.9662379622459412 5619.828913536279 209
1 0.02516615390777588 0.9726775884628296 5235.106591158058 181
1 0.1211932972073555 0.9371166229248047 5288.2711594252105 221
0 0.058973293751478195 0.9710884690284729 5609.974613840727 196
0 0.16096976399421692 0.9201278686523438 5338.148359500886 210
1 0.10352393984794617 0.9024390578269958 5523.289406324966 192
1 0.004879375919699669 0.8440514802932739 5604.0880871846775 209
1 0.10172156244516373 0.9237146973609924 3234.729729472584 203
1 0.16486798226833344 0.9547826647758484 5333.818527744774 190
1 0.04573225975036621 0.954861044883728 5572.715787263375 193
1 0.045612845569849014 0.9521452188491821 3604.5295078565787 204
1 0.05632828176021576 0.9775475263595581 6415.493043437902 195
0 0.1803165227174759 0.9618056416511536 4763.5785793990935 193
0 0.08835958689451218 0.989547073841095 5291.606854747435 191
0 0.17546653747558594 0.9491255879402161 5500.612737218917 211
1 0.11679401993751526 0.9534883499145508 3822.358454502013 165
1 0.18802165985107422 0.9849498867988586 6199.0067574785735 201
1 0.052598029375076294 0.8822653293609619 5544.040567017095 226
0 0.20695717632770538 0.988483726978302 3596.653776112356 172
0 0.16585351526737213 1.0 4248.433964263234 188
0 0.10078825801610947 0.9964973330497742 5654.201845105323 192
0 0.03925621509552002 0.9964476823806763 5351.9587625460745 190
1 0.045869458466768265 0.9821109771728516 5021.983848134717 187
1 0.006209089886397123 0.942307710647583 4865.458238197215 191
1 0.11404373496770859 0.947955310344696 4379.752505024248 178
0 0.15175268054008484 0.9431034922599792 3145.544524015952 198
1 0.06471674889326096 0.9875665903091431 4977.638507410412 188
1 0.09219595044851303 0.990990936756134 5614.022299197881 187
1 0.10101012140512466 0.9548736810684204 5163.14128936125 188
1 0.06380834430456161 0.9583333730697632 5822.262518465739 208
1 0.0736129879951477 0.895575225353241 4726.248081494474 191
1 0.10949346423149109 0.9025559425354004 4801.774626605149 214
1 0.006278973538428545 0.9574830532073975 5654.4075306434315 196
0 0.1141064241528511 0.9354274868965149 3950.154938842975 192
1 0.0343303382396698 0.9038461446762085 5135.816328295529 210
1 0.04493967071175575 0.9507389664649963 6406.949781899259 202
1 0.14984826743602753 0.9880546927452087 4919.6113556951395 198
1 0.040001921355724335 0.8766891360282898 5449.300622704371 195
1 0.07849793881177902 0.9669967293739319 4359.133988205544 202
1 0.07773663848638535 0.9386400580406189 5984.2519649096685 201
0 0.14756517112255096 0.9696968793869019 5603.366443011879 189
1 0.10517092794179916 0.890127420425415 5323.03160155188 208
0 0.1159234270453453 0.968365490436554 6112.653350583979 193
1 0.08788259327411652 0.9249563217163086 5721.226789223961 193
1 0.1516363024711609 0.8278261423110962 4210.570843515846 194
1 0.007530527655035257 0.9818182587623596 5096.215267648528 185
0 0.17517411708831787 0.9659863710403442 5373.0898371343155 195
0 0.006242686882615089 0.9836955666542053 5767.087532218841 185
1 0.10667818784713745 0.8723405003547668 4897.895688001308 204
0 0.10427013039588928 0.9616725444793701 5816.646055492273 194
0 0.02423177659511566 0.952136754989624 6021.6236786769905 195
1 0.10423466563224792 0.8370607495307922 4347.719513787953 211
1 0.06049501150846481 0.9892857670783997 4969.308404342331 189
0 0.07823788374662399 0.9833332896232605 6290.278729492434 201
1 0.11704647541046143 0.918919026851654 6579.849060589761 211
1 0.1600179374217987 0.868029773235321 3829.2367197899252 180
1 0.032391227781772614 0.8385416269302368 6012.594526242739 193
1 0.057731810957193375 0.95866459608078 5984.326719290658 214
1 0.16778622567653656 0.922535240650177 3727.1118393672036 191
1 0.1277458667755127 0.9826086163520813 5788.453154522373 190
1 0.13701637089252472 0.8888888359069824 5200.5260142428015 211
1 0.04356751963496208 0.9543859958648682 5796.205709801125 192
1 0.03615957126021385 0.968365490436554 4754.698745461901 189
1 0.005864163860678673 0.8864775896072388 4662.744660872537 196
0 0.006983981933444738 0.945518434047699 6068.539775476972 192
0 0.15108485519886017 0.9000000357627869 4491.879623741236 191
0 0.1333455592393875 0.9341637492179871 4641.295886495301 189
0 0.17321895062923431 0.9700498580932617 4745.803130873651 198
0 0.08834560215473175 0.9571428298950195 6119.335332285802 213
1 0.18263255059719086 0.9198542833328247 4572.696660728046 183
0 0.025176003575325012 0.9136441946029663 7188.123449432675 194
0 0.13099431991577148 0.9931507706642151 5924.655265841949 197
0 0.11101032048463821 0.9603602886199951 5566.547521543106 188
1 0.04461118206381798 1.0 4214.941872042862 203
1 0.10239693522453308 0.938538134098053 4987.790691840673 202
1 0.1868123859167099 0.9217390418052673 5154.553791845445 194
1 0.08042193204164505 0.882032573223114 5183.525158189689 186
1 0.08133035153150558 0.8602693676948547 5304.699502544458 199
0 0.04671604931354523 0.9758203029632568 5971.7096830460005 194
0 0.031301844865083694 0.9890710115432739 5535.553700118633 183
0 0.15169638395309448 0.9727768301963806 4977.600663592598 183
1 0.060788217931985855 0.958402693271637 7455.019997046126 203
1 0.1167604923248291 0.9829351902008057 5993.881988731681 196
1 0.01372989360243082 0.852173924446106 7242.998913769549 192
1 0.06793216615915298 0.9705882668495178 5146.3557886607905 179
1 0.10112041980028152 0.9547038674354553 5164.76964891415 191
1 0.08350838720798492 0.8267090916633606 4612.633639293344 212
1 0.02772289514541626 0.8784246444702148 6404.1512771258485 194
1 0.06468997150659561 0.9523810148239136 4706.9116013412195 182
1 0.1637013852596283 1.0 5521.593039 176
1 0.07665520906448364 0.8521595001220703 5543.726003862032 196
1 0.05364582687616348 0.9222797155380249 4009.536819258909 195
1 0.13267017900943756 0.918972373008728 3245.8428079282808 164
1 0.07966795563697815 0.9682540893554688 4861.538047325028 213
0 0.15662439167499542 0.9750831127166748 5252.958168102331 200
0 0.1818428784608841 0.994782567024231 5191.129065911192 188
0 0.020661139860749245 0.9851729869842529 7629.106390193134 202
1 0.16901642084121704 0.9394434690475464 6056.698005541606 202
1 0.07387056946754456 0.9216666221618652 3975.264649166003 200
1 0.14351992309093475 0.9917898178100586 7017.214533167487 203
0 0.04631555452942848 0.9890109300613403 6089.058027088124 182
1 0.08239477872848511 0.994736909866333 5966.491032547896 192
0 0.029875237494707108 0.9963899254798889 5830.3042416140515 185
1 0.1568007618188858 0.9664991497993469 4888.220900454403 198
1 0.17027252912521362 0.9981785416603088 5299.213722235434 181
1 0.10262880474328995 0.8990384340286255 4829.365530191701 209
1 0.08155538141727448 0.9866220951080322 5968.926637299861 197
0 0.06888432055711746 0.9738219380378723 5376.877624997185 192
1 0.044602494686841965 0.9192440509796143 5765.585375748881 194
0 0.07921817153692245 0.9616725444793701 5419.422294124685 191
0 0.15412640571594238 0.9688524603843689 5154.388363804377 204
1 0.03664563596248627 0.968254029750824 5750.6858798907415 193
0 0.1921946108341217 0.9558101296424866 5245.452462606878 204
1 0.07299161702394485 0.8976108431816101 5372.2728853542585 197
0 0.06828675419092178 0.9221854209899902 6588.872164377047 202
1 0.09166902303695679 0.9108911156654358 4430.258256638466 201
1 0.17237868905067444 0.9147826433181763 4575.7116703969605 189
0 0.14638443291187286 0.9593908786773682 5442.533681393946 199
0 0.16629955172538757 0.9452496767044067 5748.310323155794 210
0 0.0906938835978508 0.930604875087738 6645.380449715598 188
0 0.0454377606511116 0.9435897469520569 6162.758368953897 197
0 0.1339327096939087 0.9715808033943176 4651.537171918009 191
1 0.07249134033918381 0.9894365668296814 6391.792522034815 191
1 0.014054149389266968 0.9775474071502686 5669.136669837142 195
1 0.019538845866918564 0.8963093161582947 5704.246927467761 192
1 0.12267973273992538 0.9726495742797852 5349.336413305099 196
0 0.16137613356113434 0.9933444261550903 5553.087548715744 199
1 0.027012500911951065 0.9441340565681458 5134.41218858434 181
1 0.1451534479856491 0.8716577887535095 2335.431190447432 188
0 0.08937022089958191 0.9725086092948914 6348.208548317383 193
0 0.028967851772904396 0.989169716835022 5469.255103186923 187
1 0.04676708206534386 0.9478114247322083 6449.631123317406 197
1 0.19194313883781433 1.0 5654.080218268015 208
1 0.15633593499660492 0.9202551245689392 3197.9508106747726 211
1 0.08140412718057632 0.8958333730697632 5022.655853717453 193
0 0.04294472560286522 0.9236884117126465 6089.813947015219 214
1 0.10335913300514221 0.9781420826911926 4858.511368439254 183
1 0.10168306529521942 0.8996478915214539 4983.270138119446 188
1 0.10452339053153992 0.9767801761627197 5030.041404022519 215
1 0.10654781758785248 0.9530201554298401 5487.631591525936 201
1 0.05277406424283981 0.9759450554847717 5643.186285767921 196
1 0.07787927985191345 0.9807354211807251 3930.4237123490675 192
1 0.0966980829834938 0.9485148787498474 3599.9513561692897 167
1 0.17950774729251862 0.9730640053749084 3594.8684128841996 202
1 0.18454232811927795 0.9687499403953552 4116.555688697538 179
0 0.14126774668693542 0.9509803652763367 5288.018207216666 205
0 0.032065097242593765 0.955326497554779 5216.7771223055415 194
1 0.04947948828339577 0.9252033233642578 5400.620800422471 208
1 0.006006217561662197 0.9267856478691101 5322.828363672346 187
1 0.0905214175581932 0.9686411619186401 6101.220203660744 192
1 0.00679177837446332 0.8876404762268066 3863.526171184326 207
1 0.16350243985652924 0.906642735004425 4121.30217633469 184
1 0.04041128605604172 0.931034505367279 7965.709557457385 195
0 0.027320485562086105 0.9683333039283752 5182.034776403628 199
1 0.09585437923669815 0.817241370677948 3595.5917174529827 195
1 0.08725039660930634 0.965694785118103 6993.395878562988 195
1 0.17131972312927246 0.9142858386039734 4292.98789882256 188
0 0.20096692442893982 0.9329502582550049 3408.3031931100004 173
0 0.11252186447381973 0.9705371856689453 5795.519957737605 194
1 0.06860840320587158 0.9286927580833435 5195.950000508973 196
0 0.07135084271430969 0.9628317952156067 4364.010984145724 186
1 0.1873631328344345 0.9466192722320557 4576.834901813447 190
0 0.07894862443208694 0.9132007360458374 4329.393512311299 183
0 0.13565677404403687 0.949820876121521 5055.366268195869 186
1 0.13557963073253632 0.9229358434677124 4704.68687852888 185
0 0.16077382862567902 0.9811965823173523 5986.2389055067715 194
0 0.08349640667438507 0.9914089441299438 4557.851537745512 193
0 0.005365937948226929 0.8851352334022522 5961.707395911068 193
0 0.005809394177049398 0.9489436745643616 6115.95699378125 192
1 0.057491593062877655 0.9436363577842712 5075.501362367136 184
0 0.02607506699860096 0.9314815402030945 4697.108694731035 182
1 0.027646858245134354 0.9410744905471802 4872.5547058862385 192
0 0.05715065076947212 0.98009192943573 7729.389110878646 215
1 0.0981820598244667 0.9800993800163269 5527.925302635658 202
0 0.1547292023897171 0.9855305552482605 7262.77511833694 206
0 0.13422979414463043 0.9801801443099976 7050.137498518283 189
1 0.14939354360103607 0.8765432834625244 4520.321696302548 186
1 0.019604267552495003 0.9149304628372192 6175.382836327976 193
0 0.21285967528820038 0.9566038250923157 3700.7890045102704 177
0 0.08511932939291 0.9948006868362427 6079.435916048889 194
0 0.05616757646203041 0.9629056453704834 5111.672613494487 216
1 0.09970342367887497 0.9402174353599548 5481.050530082989 187
0 0.10753405839204788 0.9803921580314636 6272.454598202535 204
1 0.1463894098997116 0.988135576248169 8251.584346694242 199
0 0.05638152360916138 0.9716982245445251 4550.1160546772835 174
1 0.09883269667625427 0.9289255738258362 5969.063123498366 203
1 0.04285886138677597 0.9332274198532104 5381.918269176469 211
1 0.040363602340221405 0.9663716554641724 5444.480340204059 190
0 0.1041354164481163 0.8806509971618652 6561.785768382724 186
1 0.05018102005124092 0.9818780422210693 4968.696741363949 205
0 0.07446620613336563 0.985576868057251 7028.374160335656 207
0 0.006331389769911766 0.9614710807800293 6077.175186791037 191
0 0.06123235821723938 0.9328621625900269 5696.930221037703 191
1 0.1397121399641037 0.9673540592193604 6565.564866775675 195
1 0.07778257876634598 0.9691781401634216 6136.030844176137 196
0 0.1330428272485733 0.971947193145752 5973.213404121292 200
1 0.14398714900016785 0.96540367603302 7220.502913560658 201
1 0.06641170382499695 0.9467554092407227 7237.375684270426 200
1 0.05257568880915642 0.930307924747467 6586.513744278669 207
1 0.09228520095348358 0.9739583134651184 5116.4799676595485 195
0 0.07117129862308502 0.9740933179855347 7404.199725906466 196
1 0.10613106191158295 0.9635158181190491 6051.000203237984 203
1 0.17829425632953644 0.9617834687232971 5169.3567029005435 209
0 0.03729045391082764 0.954861044883728 7500.778425612325 192
1 0.01962774619460106 0.8802083134651184 6898.847282984887 192
1 0.055663757026195526 0.8126125931739807 5129.531049596586 187
1 0.05787952244281769 0.9982486963272095 6053.625521497087 191
1 0.1960938572883606 0.9691252708435059 6020.58575274635 193
0 0.08911716938018799 0.9897435307502747 6273.354490973682 193
1 0.13036668300628662 0.9637562036514282 5586.098789962854 201
0 0.047071367502212524 0.9811320304870605 5377.285118786189 197
1 0.12163593620061874 0.9126852750778198 4697.176406266828 201
0 0.09855978935956955 0.9912281036376953 5055.278663150691 189
1 0.13898229598999023 0.9242175221443176 5848.000091621794 203
0 0.09109359234571457 0.9863481521606445 6041.9460738690905 198
1 0.10003502666950226 0.8581560254096985 4015.413748235132 189
1 0.034302279353141785 0.8959435224533081 6125.4095960843815 190
1 0.13088099658489227 1.0 5740.020237592816 212
1 0.007791271433234215 0.8466898798942566 6306.804933995185 193
1 0.07393471151590347 0.9965157508850098 5648.389527895442 193
0 0.12469437718391418 0.9518716335296631 5428.666645232602 187
1 0.10923971235752106 0.9713322520256042 5870.077608580576 199
1 0.12107830494642258 0.9518272876739502 4831.370923038157 203
1 0.03731006756424904 0.9365852475166321 6550.472804051653 206
1 0.006969931069761515 0.9221658706665039 6353.4726303990665 194
0 0.04723968356847763 0.9929578304290771 6281.920093765649 192
1 0.1012624055147171 0.9504273533821106 6804.122299772525 196
0 0.06198500469326973 0.9414716362953186 7481.65282497283 201
1 0.1168680489063263 0.8538206219673157 5875.160733970681 204
0 0.0068320040591061115 0.8902655243873596 7125.850871163532 190
1 0.15503166615962982 0.9324089884757996 3467.5431976057 193
1 0.14897431433200836 0.9457092881202698 4667.939861055304 193
1 0.00871669314801693 0.9066213965415955 7083.54238007047 197
0 0.012762491591274738 0.9559633135795593 5036.010477984339 184
1 0.09386333078145981 0.9849246740341187 5430.604772739773 199
1 0.0867515429854393 0.9491525888442993 5517.911851393648 197
0 0.04812471196055412 0.9876977801322937 5291.778600112238 189
0 0.0054925670847296715 0.9137324094772339 6362.400140839606 191
1 0.1360233575105667 0.9726027250289917 5074.248490470415 196
1 0.04811301827430725 0.9748653173446655 5467.604407808631 186
1 0.04744718223810196 0.9547038674354553 5659.318115029424 193
0 0.1633196771144867 0.9458544850349426 5494.726660194778 196
0 0.15036772191524506 0.9559322595596313 4481.947205927385 197
0 0.11223916709423065 0.9511401057243347 5463.191514576862 209
0 0.10327155143022537 0.9883527159690857 5579.86290713039 201
1 0.06427489221096039 0.9280821681022644 4188.857109796687 196
1 0.01901310868561268 0.9530434608459473 6554.284904127959 194
0 0.05143153667449951 0.9539682865142822 6741.682319162604 211
1 0.08214684575796127 0.9839857816696167 2300.1766095825406 189
1 0.11126910150051117 0.9228070378303528 5612.966971159107 192
1 0.05479099601507187 0.875213623046875 5352.812668516457 196
0 0.07757946848869324 0.9503545165061951 5361.1328831424435 189
0 0.0491609051823616 0.9709897637367249 5991.668101184735 196
1 0.0654052272439003 0.9076432585716248 5985.361726131606 211
0 0.10124555975198746 0.9813243746757507 5564.969743716378 198
0 0.18629854917526245 0.973983645439148 4987.849766485434 205
0 0.10105029493570328 0.9638988971710205 5287.6358354306285 187
0 0.07803089171648026 0.9878048300743103 6217.365378487836 194
0 0.08433929085731506 0.9858907461166382 4953.1387672442725 192
1 0.021248463541269302 0.932088315486908 5702.225527741481 198
1 0.023965107277035713 0.9616056680679321 5446.6037506166085 192
1 0.10452573746442795 0.9673735499382019 5366.71765188484 204
1 0.009857035242021084 0.9677419662475586 5947.8700866129675 187
0 0.21537739038467407 0.9930192232131958 4830.3855834653095 193
0 0.13283959031105042 0.9394434690475464 5880.201059803611 208
0 0.1388280689716339 0.957095742225647 4763.040866412198 202
1 0.046111878007650375 0.957024872303009 5886.8345945929395 202
1 0.03630688413977623 0.9524617791175842 5783.876498752143 196
1 0.12222027778625488 0.8716980814933777 4161.975108497637 176
0 0.16518794000148773 0.9879932403564453 5724.126098594729 194
1 0.009836394339799881 0.9256637692451477 4860.090688037778 189
0 0.03540831431746483 0.7996453642845154 7279.689343548893 188
0 0.10601173341274261 0.9432014226913452 5232.554303652345 195
0 0.09304254502058029 0.968365490436554 5477.548949045196 191
1 0.053436294198036194 0.9789473414421082 5613.633943863782 191
0 0.050033677369356155 0.965277910232544 5235.3647731122255 194
0 0.017546476796269417 0.9672897458076477 8453.62143343468 219
1 0.0714239776134491 0.886206865310669 4566.539871895595 191
1 0.13518837094306946 0.9618573784828186 5496.472454992297 201
0 0.052388012409210205 0.9734219312667847 4862.382524604911 206
1 0.12296412885189056 0.9244093894958496 5067.709733130834 214
0 0.10824748128652573 0.9637562036514282 5706.664534859077 203
0 0.09263335913419724 0.951260507106781 6732.224743432861 197
1 0.007063372991979122 0.9508771896362305 4856.889896305711 189
0 0.08890941739082336 0.9905482530593872 3899.0644299709106 175
1 0.0679815262556076 0.8782051205635071 5824.714952855504 209
1 0.14960640668869019 0.9883139133453369 5091.074687129213 200
0 0.12152823060750961 0.9741379022598267 4475.228034314329 196
0 0.0545535571873188 0.9601519107818604 4624.8911650051205 177
0 0.07946721464395523 0.9169675707817078 3781.1899011048026 184
1 0.10675805807113647 0.8938640356063843 4520.0167569837095 201
1 0.02248026430606842 0.9322034120559692 7436.150505008232 193
1 0.06832186877727509 0.9805194735527039 5646.251169556387 208
0 0.1001988872885704 0.9718804955482483 4878.181200165488 192
1 0.052586499601602554 0.9759036898612976 6212.063304183466 194
0 0.04866504296660423 0.9550173282623291 4591.798366226321 193
0 0.020505186170339584 0.9832776188850403 5783.027866171605 203
0 0.1625610589981079 0.9898132681846619 6403.828578081783 196
1 0.013629262335598469 0.9853862524032593 3930.88168657792 160
0 0.059463076293468475 0.97826087474823 5084.065152553801 185
1 0.10703464597463608 0.9355877637863159 6591.829038322558 209
1 0.11442634463310242 0.9265441298484802 4104.644186578233 200
1 0.08352474123239517 0.9409835338592529 3947.780980841147 203
1 0.046732306480407715 0.9129031896591187 5902.461056166044 209
1 0.05916936323046684 0.9756098389625549 4548.678683681069 192
1 0.12684912979602814 0.9899498224258423 5020.3815521739125 197
1 0.20675063133239746 0.9930675625801086 6288.799625121671 193
0 0.16142605245113373 0.9790321588516235 5088.891147103916 207
1 0.1421460062265396 0.9366666078567505 3790.0701970686778 199
1 0.09572279453277588 0.9520767331123352 5136.4976103664685 213
0 0.09759245067834854 0.9880136847496033 7078.549634289443 196
1 0.12803009152412415 0.9241147041320801 5158.524509877965 197
0 0.006932464893907309 0.9745763540267944 6341.326207076918 199
1 0.059588439762592316 0.8938053250312805 5260.345020181004 188
0 0.19254635274410248 0.9784767627716064 5190.087648491217 199
0 0.113762266933918 0.9438405632972717 5819.725584856353 184
1 0.07096286863088608 0.9578415155410767 6195.786060546665 198
0 0.031467504799366 0.9893048405647278 5166.460966350578 190
1 0.17669697105884552 0.9716535210609436 5207.977685079685 215
0 0.14146649837493896 0.9916943907737732 5828.0290778909375 201
1 0.08045151829719543 0.8810719847679138 4910.519679747051 201
1 0.10638216137886047 0.9491804242134094 5027.319759417414 203
1 0.05258800461888313 0.9208400249481201 5955.123978741461 207
1 0.13189074397087097 0.8886926174163818 4579.60348962274 190
1 0.04765027388930321 0.9422749876976013 5532.0734689728 199
0 0.12920071184635162 0.9608176946640015 5985.636969509093 197
1 0.08283840119838715 0.9280821681022644 4468.332808596283 197
1 0.030861979350447655 0.974820077419281 4216.796873297483 185
1 0.08359100669622421 0.9115646481513977 3567.3613412291456 199
0 0.045664526522159576 0.9681979417800903 5718.40688118501 190
0 0.15887537598609924 0.9190477132797241 5460.647395778663 213
0 0.0053042215295135975 0.8617594838142395 6983.221457756247 188
1 0.1450892835855484 0.8743362426757812 3849.5558489991486 190
0 0.17473375797271729 0.9752649664878845 4969.944087463715 189
0 0.11531183123588562 0.9865996837615967 5548.52913518858 199
1 0.07098094373941422 0.982578456401825 6438.693925911352 193
1 0.09245951473712921 0.8717504143714905 4911.431951355242 195
0 0.16010546684265137 0.9289255738258362 3742.4987860716374 206
1 0.1123548075556755 0.9608176946640015 5322.5508106041725 194
0 0.02567327953875065 0.9663716554641724 6041.401304208928 190
1 0.09772909432649612 0.9443507790565491 4820.357564341434 198
1 0.024871330708265305 0.9790576100349426 5238.260540827166 193
0 0.12649644911289215 0.9845625162124634 5816.136674614438 194
0 0.09029696136713028 0.9731543660163879 5452.3212579449355 200
1 0.023817412555217743 0.8774080276489258 5878.199766369724 192
1 0.16109411418437958 0.9822064638137817 5062.05244445253 189
0 0.057360727339982986 0.9835255742073059 7032.904738605357 201
1 0.015706466510891914 0.9368600249290466 6166.617442395885 195
1 0.1681588739156723 0.9382303953170776 5002.473825035002 200
0 0.03845168650150299 0.9823009371757507 6742.8922225078595 189
0 0.12591961026191711 0.9534109830856323 4702.780475891386 203
0 0.08144836872816086 0.9633333086967468 5471.85455820228 202
1 0.06318464130163193 0.9894920587539673 5101.225674366802 192
1 0.09497028589248657 0.9947461485862732 5529.794463295262 191
1 0.05223944038152695 0.9672977328300476 6227.232327977834 195
0 0.006432953290641308 0.9790576100349426 7018.076037127784 193
0 0.10117364674806595 0.9610388875007629 5579.460496775107 179
0 0.15321475267410278 0.9696969985961914 5811.583257575326 197
0 0.00647728331387043 0.9824252724647522 6657.221271365527 192
0 0.059586215764284134 0.9521276354789734 5358.115750324642 190
1 0.0912095233798027 0.8496503233909607 4855.837091122264 191
1 0.005347121972590685 0.855917751789093 4461.837153558311 193
1 0.12323515862226486 0.9689119458198547 6595.15081659799 193
1 0.03928196430206299 0.8272424340248108 6305.449132474188 200
1 0.15180890262126923 0.9359861016273499 4951.189097872637 192
1 0.060173455625772476 1.0 5554.4355165467805 211
1 0.06826970726251602 0.8827470541000366 5723.758386076148 200
1 0.02118915505707264 0.865894079208374 6615.026938172646 201
0 0.08015864342451096 0.95222407579422 5805.710970483302 203
0 0.16256114840507507 0.9814502000808716 5011.350700726305 196
0 0.18276533484458923 0.9756522178649902 5215.82847150904 195
1 0.1496564745903015 0.9864635467529297 5598.708220979532 197
1 0.08638249337673187 0.9135593771934509 5456.605789806791 197
0 0.05759817361831665 0.9451115727424622 5480.073190014317 194
1 0.04685059189796448 0.9492119550704956 3940.232022049055 192
1 0.05236508324742317 0.8934707641601562 4695.155055716818 196
0 0.16596506536006927 0.9780034422874451 4504.742341624744 200
0 0.00658818194642663 0.9604130387306213 6170.023288053027 194
0 0.1356811821460724 0.9546875357627869 5132.689350043091 215
1 0.012736724689602852 0.932721734046936 5368.999584772645 218
1 0.0043531605042517185 0.8678261041641235 5534.6842343014605 194
0 0.02970699965953827 0.9713321328163147 6217.724034977564 199
1 0.12000881135463715 0.9530988335609436 4923.893962587443 198
0 0.15889862179756165 0.9964849948883057 5122.372335385905 189
0 0.06380266696214676 0.9711537957191467 5489.424090353668 209
1 0.14622434973716736 0.8860543966293335 5208.52539504516 193
1 0.0817917138338089 0.9367721080780029 3962.8744356607517 202
0 0.0558801032602787 0.9945454001426697 5913.028319459124 183
1 0.1327522248029709 0.89082270860672 4667.5178579952035 212
1 0.023475389927625656 0.925000011920929 4310.294896898441 203
1 0.15160895884037018 0.96540367603302 3806.9324361832223 206
0 0.03971632570028305 0.888501763343811 6400.188160701096 194
1 0.07654476165771484 0.9494950175285339 5948.421183615292 200
1 0.08709050714969635 0.9528795480728149 5882.654761879724 191
1 0.10195714980363846 0.8707593083381653 5077.304940732116 208
1 0.17238561809062958 0.9884297251701355 3719.6974024659285 204
1 0.10114265978336334 0.9774920344352722 5019.711690084632 205
0 0.037022076547145844 0.8484848737716675 4697.876591474957 237
0 0.142363503575325 1.0 4342.464730968295 193
1 0.10516653209924698 0.9210525751113892 5771.735147741713 190
1 0.16765038669109344 0.9874999523162842 4766.755521635563 184
0 0.006080787628889084 0.9708561301231384 5223.384909389192 184
0 0.006641199346631765 0.974545419216156 5557.700137840774 185
0 0.10447174310684204 0.9568220376968384 4302.5219761541375 195
0 0.04035579785704613 0.9748822450637817 6851.908561716582 212
1 0.08269919455051422 0.9278351068496704 4710.760500868995 195
1 0.025045480579137802 0.9736843109130859 4702.316029776787 191
1 0.07006414979696274 0.9642248153686523 5706.425430475292 198
1 0.10540805757045746 0.9431438446044922 4314.842969994471 203
0 0.006937327329069376 0.9855334758758545 5367.740056744664 186
0 0.085464246571064 0.9840708374977112 5460.049921639007 191
0 0.04608069732785225 0.9678511023521423 5998.298609915954 195
1 0.0669240802526474 0.8896211385726929 5643.283011842409 203
0 0.12963365018367767 0.9764310121536255 5625.852048010459 196
0 0.12867650389671326 0.9765493869781494 5144.85391691784 199
0 0.15433210134506226 0.9707317352294922 5419.912332241826 204
0 0.18218709528446198 0.946428656578064 3519.096336938456 189
1 0.14752599596977234 0.938162624835968 3479.463753455062 188
0 0.12606719136238098 0.9700996279716492 4824.358323298669 201
1 0.15753625333309174 0.9375 4723.065214027592 192
0 0.07876439392566681 0.9788732528686523 5883.967165511296 191
0 0.21535423398017883 0.974910318851471 6448.287397286136 189
0 0.07953540235757828 0.9823008179664612 5206.870772997191 191
1 0.1409071683883667 0.8758388757705688 4893.695494992196 196
1 0.008045444265007973 0.8603895902633667 5108.7416507840035 206
1 0.1388126164674759 0.9435483813285828 4961.433303537337 206
1 0.057308997958898544 0.9750000834465027 5636.730449197667 188
1 0.008630141615867615 0.9609928727149963 5318.085765164766 188
1 0.006490550935268402 0.922123908996582 6023.242943961776 189
0 0.058335769921541214 0.9045226573944092 5504.341463823672 202
1 0.05619686096906662 0.9715808033943176 4983.303798722942 188
1 0.1599990427494049 0.9683333039283752 5438.354032006581 199
0 0.12422388792037964 0.9558823108673096 6384.850146493492 204
1 0.13053713738918304 0.9774305820465088 3584.508674468624 192
1 0.04374221712350845 0.9536423683166504 5759.875028983184 200
0 0.06361750513315201 0.9524564743041992 5208.128402330611 212
1 0.061162739992141724 0.9597423672676086 4683.896815582991 206
0 0.08947423845529556 0.963222324848175 4888.369846958747 193
1 0.051729828119277954 0.953703761100769 3025.745076004294 179
0 0.10259221494197845 0.9493891000747681 5939.673869070808 186
0 0.1485179364681244 0.9613357186317444 4896.840268130558 188
0 0.1760035753250122 0.9595781564712524 4394.209727115337 191
0 0.07266713678836823 0.9530743956565857 7508.108605723196 205
0 0.13159281015396118 0.9641693234443665 4191.035689730923 206
1 0.13873861730098724 0.8068376183509827 2942.795065270476 195
0 0.11358119547367096 0.9219512343406677 3879.942331552951 208
0 0.04731428623199463 0.9818780422210693 5851.019137136759 201
1 0.13084876537322998 0.9605489373207092 4690.863038906958 193
0 0.006830832455307245 0.9567567706108093 4823.768123307629 185
0 0.008135746233165264 0.8791946172714233 5580.592036127068 199
1 0.05511513352394104 0.9706390500068665 5654.775010664111 194
1 0.19226062297821045 0.9368230700492859 3998.612993947762 185
0 0.052794478833675385 0.9388794898986816 5818.9108984185705 197
0 0.05286240205168724 0.9807692170143127 6977.079381104882 191
0 0.1730082780122757 0.9801653027534485 5097.276619403056 202
1 0.094335176050663 0.94807368516922 5069.917325743666 201
1 0.14712156355381012 0.9483333230018616 4587.535248350307 200
0 0.1647273600101471 0.9700175523757935 5738.358169906067 191
0 0.11635228991508484 0.9732143878936768 5097.84416865078 184
0 0.051380470395088196 1.0 5222.380424321333 188
0 0.013832047581672668 0.9663717746734619 6219.209915280567 190
0 0.011244496330618858 0.9302326440811157 5542.9885869803575 187
1 0.016292987391352654 0.988868236541748 4499.603419069454 181
0 0.1051320731639862 0.9111841917037964 4803.205740425126 207
1 0.005758136045187712 0.9538461565971375 7194.372801273544 197
1 0.12171362340450287 0.9051879048347473 4349.482570170657 189
1 0.10074111819267273 0.9526917338371277 5777.649492588833 206
1 0.05925507843494415 0.911916971206665 5842.954442903538 194
0 0.10615890473127365 0.9076922535896301 4558.329913949799 193
1 0.06581144034862518 0.9208860993385315 4357.769158391299 208
1 0.09301180392503738 0.903278648853302 5469.203311858064 203
1 0.1346828192472458 0.9606440663337708 5196.513250624844 186
0 0.030291074886918068 0.9711712002754211 4787.211123760402 186
1 0.07842785865068436 0.8427152037620544 4784.628161751989 202
1 0.0626017227768898 0.8977636098861694 7124.930124417409 210
1 0.036686260253190994 0.7940140962600708 5641.223746956237 190
0 0.04778031259775162 0.9545453190803528 4426.073482559428 199
1 0.09754715114831924 0.8990066647529602 5678.3673785025585 199
1 0.10396543890237808 0.9588138461112976 4593.727129797283 203
0 0.11375933885574341 0.9717425107955933 5880.109612293344 215
0 0.13865312933921814 0.9564355611801147 3392.89820401604 165
0 0.061150480061769485 0.945518434047699 5614.761589299051 190
1 0.0075273760594427586 0.9583333134651184 4682.119724385236 192
0 0.008307567797601223 0.9559858441352844 5187.376652475344 189
1 0.07395266741514206 0.854545533657074 4192.476928314615 183
0 0.07117025554180145 0.837696373462677 5642.4639802061265 189
1 0.0280715674161911 0.8556522727012634 4833.93970788554 190
1 0.16249743103981018 0.958333432674408 3698.6039394281033 181
1 0.15896208584308624 0.9544025659561157 5404.204980474968 212
1 0.1091013103723526 0.9897436499595642 6923.587810425724 196
0 0.11735856533050537 0.9705882668495178 7476.516678679152 193
0 0.02291533164680004 0.8892308473587036 7450.176329674322 219
1 0.08542286604642868 0.8537361025810242 5849.525870186378 211
0 0.10220320522785187 0.9294871687889099 5353.224684027178 211
1 0.098060742020607 0.881602942943573 4380.755735762086 184
0 0.06743679195642471 0.982905924320221 6209.604997223133 197
1 0.058930639177560806 0.9575971961021423 5997.588409644465 190
0 0.06722759455442429 0.9536083340644836 4902.031916494284 193
1 0.1400453895330429 0.9763113856315613 6014.929294918258 193
0 0.117723748087883 0.9794520735740662 4943.162446698707 194
1 0.15063254535198212 0.9523809552192688 5282.542057306574 201
1 0.17500640451908112 0.9450915455818176 3904.4409810429443 200
0 0.0438915453851223 0.9876977801322937 5502.4641674730865 192
0 0.029232701286673546 0.8953688144683838 5988.740577737901 195
1 0.07987987995147705 0.9857397675514221 5411.543145110466 188
1 0.12250566482543945 0.9605263471603394 5321.915873549908 202
0 0.13941331207752228 0.9013605117797852 5500.9970970485865 195
1 0.027324924245476723 0.9896372556686401 6815.9738751728455 194
1 0.006704296451061964 0.9893804788589478 6765.602122593606 190
1 0.09814034402370453 0.9962547421455383 5121.170834607582 182
1 0.005519407335668802 0.9249563217163086 6957.95451227461 189
0 0.08615752309560776 0.9808027744293213 6244.5419283313695 192
1 0.05187026411294937 0.9602763056755066 5678.4518234750085 194
1 0.043608758598566055 0.9897610545158386 5334.217623901692 196
1 0.1060432642698288 0.9060509204864502 4337.04189923529 208
0 0.1641867756843567 0.9731091260910034 4388.620318962411 198
1 0.18431350588798523 0.990291178226471 3202.7763594390035 171
1 0.12502720952033997 0.9741379022598267 4915.6389671398565 192
1 0.08917572349309921 0.9842932224273682 6583.310954380607 191
1 0.07848495990037918 0.9523809552192688 5249.0234158556705 195
1 0.13998422026634216 0.9673469662666321 3235.9405233156217 159
0 0.17165972292423248 0.9802631735801697 6336.50317571375 203
1 0.10437972843647003 0.9788732528686523 5610.178641315818 191
1 0.1097913458943367 0.9294755458831787 4574.463471047632 183
0 0.07246903330087662 0.8873482942581177 5097.103269410563 195
1 0.023625867441296577 0.9210084080696106 3566.33160290008 199
0 0.08677457273006439 0.8925620317459106 6621.330627683689 204
1 0.09627342969179153 0.9072165489196777 4595.619788542885 196
1 0.029665306210517883 0.8314960598945618 5889.85152103389 207
0 0.007390615530312061 0.9839857816696167 5757.29944029882 188
1 0.04726856201887131 0.956375777721405 4513.065121252517 199
1 0.1593719720840454 0.9099098443984985 4308.370374207155 183
0 0.10046447813510895 0.9865319728851318 4599.275329906014 199
